%d %d1 2 9498
1 3 9498
2 4 9672
2 5 9672
3 6 9916
3 7 9916
4 8 9331
4 9 9331
5 10 9104
5 11 9104
6 12 9657
6 13 9657
7 14 9178
7 15 9178
8 16 9225
8 17 9225
9 18 9066
9 19 9066
10 20 9350
10 21 9350
11 22 9797
11 23 9797
12 24 9067
12 25 9067
13 26 9283
13 27 9283
14 28 9629
14 29 9629
15 30 9460
15 31 9460
16 32 9342
16 33 9342
17 34 9000
17 35 9000
18 36 9922
18 37 9922
19 38 9506
19 39 9506
20 40 9483
20 41 9483
21 42 9383
21 43 9383
22 44 9723
22 45 9723
23 46 9053
23 47 9053
24 48 9106
24 49 9106
25 50 9752
25 51 9752
26 52 9168
26 53 9168
27 54 9672
27 55 9672
28 56 9867
28 57 9867
29 58 9068
29 59 9068
30 60 9490
30 61 9490
31 62 9480
31 63 9480
32 64 9114
32 65 9114
33 66 9955
33 67 9955
34 68 9999
34 69 9999
35 70 9622
35 71 9622
36 72 9218
36 73 9218
37 74 9699
37 75 9699
38 76 9373
38 77 9373
39 78 9384
39 79 9384
40 80 9987
40 81 9987
21 2